100000300959174
100014827591063
100015514597594
100021275596578
100022063863289
100022454208973
100025993072162
100027036382542
100028144324580
100028209339696
100028258451851
100029071368296
100029382851049
100029562764297
100029652215099
100029702673217
100029909476263
100030942723110
100033101115247
100033129542351
100033474120734
100034864215858
100035701494085
100036401537554
100036495502230
100037476456125
100040048491679
100040233543226
100040314684039
100040336366800
100040465571431
100040687896026
100040806736074
100042162853227
100042689439748
100043671751313
100044151383780
100044251034027
100044284682221
100044627287969
100044812250136
100044846374073
100045263988131
100045655507784
100045981917682
100046091773665
100046557949281
100046696245373
100046860738834
100046981031402
100047042656787
100047239458645
100047364884555
100047528260168
100047610081097
100047747117402
100047807833437
100047835606754
100047837653591
100047996022613
100048032741800
100048125617865
100048127688792
100048219151685
100048251358631
100048389269547
100048412342494
100048436097047
100048460760795
100048505112755
100048568357214
100048597212672
100048626768142
100048697393212
100048775928602
100048778896589
100048838112314
100048982201485
100048996090633
100049465928454
